Episode,Reward,Frames,Epsilon
0, -19,0,0.41
1,-21,2056,0.17
2,-20,4112,0.07
3,-21,6168,0.03
4,-21,8224,0.01
5,-21,10281,0.01
6,-21,12337,0.01
7,-21,14393,0.01
8,-21,16449,0.01
9,-20,18505,0.01
10,-21,20561,0.01
11,-19,22617,0.01
12,-21,24673,0.01
13,-20,26730,0.01
14,-21,28786,0.01
15,-21,30842,0.01
16,-21,32898,0.01
17,-21,34954,0.01
18,-20,37010,0.01
19,-20,39066,0.01
20,-19,41122,0.01
21,-21,43178,0.01
22,-18,45235,0.01
23,-20,47291,0.01
24,-17,49347,0.01
25,-19,51403,0.01
26,-16,53459,0.01
27,-16,55515,0.01
28,-15,57571,0.01
29,-15,59627,0.01
30,-15,61684,0.01
31,-16,63740,0.01
32,-17,65796,0.01
33,-16,67852,0.01
34,-21,69908,0.01
35,-21,71964,0.01
36,-14,74020,0.01
37,-19,76076,0.01
38,-12,78132,0.01
39,-12,80189,0.01
40,-17,82245,0.01
41,-10,84301,0.01
42,-19,86357,0.01
43,-19,88413,0.01
44,-18,90469,0.01
45,-18,92525,0.01
46,-16,94581,0.01
47,-21,96638,0.01
48,-12,98694,0.01
49,-16,100750,0.01
50,-21,102806,0.01
51,-19,104862,0.01
52,-17,106918,0.01
53,-18,108974,0.01
54,-19,111030,0.01
55,-21,113086,0.01
56,-21,115143,0.01
57,-14,117199,0.01
58,-13,119255,0.01
59,-18,121311,0.01
60,-13,123367,0.01
61,-20,125423,0.01
62,-15,127479,0.01
63,-22,129535,0.01
64,-15,131592,0.01
65,-14,133648,0.01
66,-23,135704,0.01
67,-15,137760,0.01
68,-10,139816,0.01
69,-22,141872,0.01
70,-13,143928,0.01
71,-20,145984,0.01
72,-10,148040,0.01
73,5,150097,0.01
74,6,152153,0.01
75,6,154209,0.01
76,7,156265,0.01
77,7,158321,0.01
78,-11,160377,0.01
79,-4,162433,0.01
80,14,164489,0.01
81,-10,166545,0.01
82,-6,168602,0.01
83,-10,170658,0.01
84,-5,172714,0.01
85,2,174770,0.01
86,-5,176826,0.01
87,-4,178882,0.01
88,-4,180938,0.01
89,3,182994,0.01
90,5,185051,0.01
91,5,187107,0.01
92,-1,189163,0.01
93,-9,191219,0.01
94,-3,193275,0.01
95,5,195331,0.01
96,-11,197387,0.01
97,14,199443,0.01
98,-1,201499,0.01
99,-1,203556,0.01
100,13,205612,0.01
101,12,207668,0.01
102,10,209724,0.01
103,9,211780,0.01
104,7,213836,0.01
105,6,215892,0.01
106,5,217948,0.01
107,3,220005,0.01
108,2,222061,0.01
109,1,224117,0.01
110,-1,226173,0.01
111,-2,228229,0.01
112,-4,230285,0.01
113,-5,232341,0.01
114,-8,234397,0.01
115,3,236453,0.01
116,-10,238510,0.01
117,6,240566,0.01
118,18,242622,0.01
119,-11,244678,0.01
120,-1,246734,0.01
121,13,248790,0.01
122,15,250846,0.01
123,-10,252902,0.01
124,2,254959,0.01
125,9,257015,0.01
126,10,259071,0.01
127,5,261127,0.01
128,12,263183,0.01
129,16,265239,0.01
130,18,267295,0.01
131,4,269351,0.01
132,7,271407,0.01
133,18,273464,0.01
134,8,275520,0.01
135,17,277576,0.01
136,16,279632,0.01
137,16,281688,0.01
138,15,283744,0.01
139,14,285800,0.01
140,14,287856,0.01
141,13,289913,0.01
142,12,291969,0.01
143,12,294025,0.01
144,11,296081,0.01
145,10,298137,0.01
146,10,300193,0.01
147,9,302249,0.01
148,8,304305,0.01
149,8,306361,0.01
150,7,308418,0.01
151,6,310474,0.01
152,6,312530,0.01
153,5,314586,0.01
154,4,316642,0.01
155,4,318698,0.01
156,3,320754,0.01
157,2,322810,0.01
158,2,324867,0.01
159,1,326923,0.01
160,0,328979,0.01
161,0,331035,0.01
162,-1,333091,0.01
163,18,334850,0.01
164,15,336878,0.01
165,-1,339681,0.01
166,7,341931,0.01
167,8,344142,0.01
168,-1,346931,0.01
169,16,348779,0.01
170,-11,350581,0.01
171,7,353104,0.01
172,12,355361,0.01
173,-1,357944,0.01
174,-2,360929,0.01
175,-1,363611,0.01
176,4,365997,0.01
177,9,368154,0.01
178,9,370357,0.01
179,13,372413,0.01
180,17,374219,0.01
181,-1,376559,0.01
182,-1,379234,0.01
183,2,381869,0.01
184,15,383928,0.01
185,17,385822,0.01
186,8,388134,0.01
187,14,390165,0.01
188,12,392183,0.01
189,8,394644,0.01
190,8,396960,0.01
191,-1,399585,0.01
192,8,401834,0.01
193,8,404550,0.01
194,2,407124,0.01
195,5,409635,0.01
196,11,411758,0.01
197,8,414006,0.01
198,-1,416764,0.01
199,-1,419387,0.01
200,-11,421190,0.01
201,14,423250,0.01
202,13,425311,0.01
203,1,427886,0.01
204,-4,430404,0.01
205,7,432815,0.01
206,-1,435194,0.01
207,15,437295,0.01
208,17,439109,0.01
209,9,441680,0.01
210,-1,444461,0.01
211,-1,447252,0.01
212,7,449749,0.01
213,10,452260,0.01
214,16,454235,0.01
215,-1,457031,0.01 
 
216,2,459087,0.01
217,0,461143,0.01
218,4,463199,0.01
219,7,465255,0.01
220,5,467311,0.01
221,9,469367,0.01
222,13,471423,0.01
223,12,473479,0.01
224,11,475535,0.01
225,15,477591,0.01
226,12,479647,0.01
227,10,481703,0.01
228,10,483759,0.01
229,8,485815,0.01
230,16,487871,0.01
231,20,489927,0.01
232,19,491983,0.01
233,20,494039,0.01
234,16,496095,0.01
235,13,498151,0.01
236,17,500207,0.01
237,21,502263,0.01
238,21,504319,0.01
239,12,506375,0.01
240,3,508431,0.01
241,6,510487,0.01
242,-3,512543,0.01
243,5,514599,0.01
244,5,516655,0.01
245,7,518711,0.01
246,4,520767,0.01
247,-4,522823,0.01
248,-3,524879,0.01
249,2,526935,0.01
250,3,528991,0.01
251,3,531047,0.01
252,6,533103,0.01
253,3,535159,0.01
254,2,537215,0.01
255,6,539271,0.01
256,-1,541327,0.01
257,-2,543383,0.01
258,-3,545439,0.01
259,5,547495,0.01
260,11,549551,0.01
261,13,551607,0.01
262,18,553663,0.01
263,15,555719,0.01
264,21,557775,0.01
265,14,559831,0.01
266,10,561887,0.01
267,8,563943,0.01
268,-1,565999,0.01
269,2,568055,0.01
270,1,570111,0.01
271,5,572167,0.01
272,9,574223,0.01
273,6,576279,0.01
274,11,578335,0.01
275,8,580391,0.01
276,5,582447,0.01
277,-2,584503,0.01
278,0,586559,0.01
279,2,588615,0.01
280,3,590671,0.01
281,1,592727,0.01
282,-2,594783,0.01
283,6,596839,0.01
284,2,598895,0.01
285,1,600951,0.01
286,8,603007,0.01
287,7,605063,0.01
288,7,607119,0.01
289,7,609175,0.01
290,9,611231,0.01
291,0,613287,0.01
292,-2,615343,0.01
293,-2,617399,0.01
294,8,619455,0.01
295,15,621511,0.01
296,5,623567,0.01
297,-1,625623,0.01
298,-2,627679,0.01
299,7,629735,0.01
300,6,631791,0.01
301,5,633847,0.01
302,14,635903,0.01
303,14,637959,0.01
304,20,640015,0.01
305,21,642071,0.01
306,19,644127,0.01
307,17,646183,0.01
308,21,648239,0.01
309,21,650295,0.01
310,21,652351,0.01
311,21,654407,0.01
312,21,656463,0.01
313,20,658519,0.01
314,19,660575,0.01
315,19,662631,0.01
316,13,664687,0.01
317,8,666743,0.01
318,7,668799,0.01
319,1,670855,0.01
320,9,672911,0.01
321,4,674967,0.01
322,10,677023,0.01
323,8,679079,0.01
324,12,681135,0.01
325,13,683191,0.01
326,14,685247,0.01
327,13,687303,0.01
328,5,689359,0.01
329,0,691415,0.01
330,9,693471,0.01
331,4,695527,0.01
332,4,697583,0.01
333,11,699639,0.01
334,21,701695,0.01
335,13,703751,0.01
336,14,705807,0.01
337,20,707863,0.01
338,14,709919,0.01
339,6,711975,0.01
340,10,714031,0.01
341,13,716087,0.01
342,7,718143,0.01
343,6,720199,0.01
344,12,722255,0.01
345,11,724311,0.01
346,21,726367,0.01
347,19,728423,0.01
348,21,730479,0.01
349,13,732535,0.01
350,19,734591,0.01
351,21,736647,0.01
352,21,738703,0.01
353,18,740759,0.01
354,21,742815,0.01
355,14,744871,0.01
356,21,746927,0.01
357,21,748983,0.01
358,14,751039,0.01
359,17,753095,0.01
360,21,755151,0.01
361,21,757207,0.01
362,21,759263,0.01
363,21,761319,0.01
364,19,763375,0.01
365,11,765431,0.01
366,4,767487,0.01
367,-4,769543,0.01
368, 12,771599,0.01
369, 3,773655,0.01
370, 5,775711,0.01
371, 20,777767,0.01
372, 12,779823,0.01
373, 9,781879,0.01
374, 1,783935,0.01
375,-5,785991,0.01
376, 19,788047,0.01
377, 4,790103,0.01
378,-15,792159,0.01
379, 12,794215,0.01
380,7,796271,0.01
381,3,798327,0.01
382, 10,800383,0.01
383,-3,802439,0.01
384, 6,804495,0.01
385, -3,806551,0.01
386, 5,808607,0.01
387, -6,810663,0.01
388,-19,812719,0.01
389, 10,814775,0.01
390, 6,816831,0.01
391, -3,818887,0.01
392, 3,820943,0.01
393, 6,822999,0.01
394, 20,825055,0.01
395, 15,827111,0.01
396, 16,829167,0.01
397, 12,831223,0.01
398,11,833279,0.01
399,8,835335,0.01
400,9,837391,0.01
401,15,839447,0.01
402,15,841503,0.01
403,21,843559,0.01
404,21,845615,0.01
405,15,847671,0.01
406,15,849727,0.01
407,20,851783,0.01
408,21,853839,0.01
409,21,855895,0.01
410,21,857951,0.01
411,17,860007,0.01
412,15,862063,0.01
413,20,864119,0.01
414,21,866175,0.01
415,18,868231,0.01
416,15,870287,0.01
417,15,872343,0.01
418,21,874399,0.01
419,21,876455,0.01
420,16,878511,0.01
421,21,880567,0.01
422,15,882623,0.01
423,15,884679,0.01
424,15,886735,0.01
425,15,888791,0.01
426,20,890847,0.01
427,20,892903,0.01
428,19,894959,0.01
429,21,897015,0.01
430,18,899071,0.01
431,21,901127,0.01
432,15,903183,0.01
433,15,905239,0.01
434,15,907295,0.01
435,15,909351,0.01
436,15,911407,0.01
437,21,913463,0.01
438,16,915519,0.01
439,21,917575,0.01
440,21,919631,0.01
441,19,921687,0.01
442,21,923743,0.01
443,18,925799,0.01
444,15,927855,0.01
445,15,929911,0.01
446,15,931967,0.01
447,17,934023,0.01
448,16,936079,0.01
449,21,938135,0.01
450,15,940191,0.01
451,15,942247,0.01

452,8,944303,0.01
453,-5,946359,0.01
454,-1,972721,0.01
455,2,975151,0.01
456,-5,977343,0.01
457,10,979673,0.01
458,10,981911,0.01
459,9,984207,0.01
460,12,986392,0.01
461,8,988697,0.01
462,-1,991274,0.01
463,1,994106,0.01
464,4,996780,0.01
465,-1,999664,0.01
466,12,1001804,0.01
467,15,1003809,0.01
468,-1,1006392,0.01
469,8,1008909,0.01
470,8,1011245,0.01
471,10,1013452,0.01
472,10,1015730,0.01
473,15,1017768,0.01
474,15,1019760,0.01
475,13,1022027,0.01
476,10,1024392,0.01
477,13,1026563,0.01
478,10,1028712,0.01
479,-1,1031212,0.01
480,14,1033286,0.01
481,19,1035008,0.01
482,15,1036869,0.01
483,10,1038995,0.01
484,19,1040721,0.01
485,17,1042595,0.01
486,-1,1045211,0.01
487,-1,1047771,0.01
488,-1,1050330,0.01
489,19,1052057,0.01
490,4,1054402,0.01
491,13,1056528,0.01
492,13,1058538,0.01
493,16,1060506,0.01
494,19,1062228,0.01
495,13,1064188,0.01
496,16,1066058,0.01
497,18,1067880,0.01
498,9,1070147,0.01
499,7,1072520,0.01
500,-15,1073895,0.01